2021110044 阎哲 19 21软件2班 2021110044 123 71 83 85 
2021110044 付建新 20 21软件2班 2021110044 123 61 91 79 
2021110044 曾禹皓 21 21软件2班 2021110044 123 64 62 67 
2021110044 赵酉林 19 21软件2班 2021110044 123 83 66 90 
2021110044 李林柯 20 21软件2班 2021110044 123 69 67 70 
2021110044 胡敬 20 21软件2班 2021110044 123 63 69 62 
2021110044 朱俊杰 19 21软件2班 2021110044 123 72 98 87 
2021110044 张丰烁 21 21软件2班 2021110044 123 87 75 72 
2021110044 刘鹏 21 21软件2班 2021110044 123 83 83 66 
2021110044 张鹏程 19 21软件2班 2021110044 123 74 80 98 
2021110044 李豪 19 21软件2班 2021110044 123 61 74 61 
2021110044 李志强 21 21软件2班 2021110044 123 60 78 79 
2021110044 朱超 21 21软件2班 2021110044 123 99 84 63 
2021110044 苟妙林 20 21软件2班 2021110044 123 88 75 99 
2021110044 徐树新 21 21软件2班 2021110044 123 96 63 83 
2021110044 尹建国 19 21软件2班 2021110044 123 78 65 69 
2021110044 刘怡 21 21软件2班 2021110044 123 95 85 92 
2021110044 罗潼 19 21软件2班 2021110044 123 85 81 69 
2021110044 黄性平 20 21软件2班 2021110044 123 77 81 89 
2021110044 张星琪 21 21软件2班 2021110044 123 87 95 80 
2021110044 罗遥 21 21软件2班 2021110044 123 90 71 64 
2021110044 曾一 19 21软件2班 2021110044 123 73 81 65 
2021110044 尹雪梅 19 21软件2班 2021110044 123 86 64 84 
2021110044 黎权赋 19 21软件2班 2021110044 123 73 71 88 
2021110044 宋虹漾 21 21软件2班 2021110044 123 62 99 64 
2021110044 晁祥翔 20 21软件2班 2021110044 123 64 76 92 
2021110044 王茜 19 21软件2班 2021110044 123 85 61 67 
2021110044 赵峻 19 21软件2班 2021110044 123 96 99 66 
2021110044 李小龙 19 21软件2班 2021110044 123 61 74 91 
2021110044 赵禹 21 21软件2班 2021110044 123 61 90 85 
2021110044 杨涛 20 21软件2班 2021110044 123 62 88 84 
2021110044 赵锐鹏 19 21软件2班 2021110044 123 61 97 77 
2021110044 曾品均 19 21软件2班 2021110044 123 99 98 73 
2021110044 陈志燃 21 21软件2班 2021110044 123 74 84 91 
2021110044 赵功林 21 21软件2班 2021110044 123 98 83 63 
2021110044 曾立鑫 19 21软件2班 2021110044 123 84 85 96 
2021110044 甘玉龙 19 21软件2班 2021110044 123 90 95 70 
2021110044 钟育廷 19 21软件2班 2021110044 123 64 66 75 
2021110044 钟宇航 19 21软件2班 2021110044 123 60 69 97 
2021110044 李健 19 21软件2班 2021110044 123 78 84 89 
2021110044 阮祥炜 19 21软件2班 2021110044 123 75 70 82 
2021110044 黄浩 19 21软件2班 2021110044 123 84 69 61 
2021110002 王清 21 21软件1班 2021110002 123 84 70 74 
2021110003 龚飞翔 19 21软件1班 2021110003 123 97 91 80 
2021110004 甄旭 21 21软件1班 2021110004 123 74 93 79 
2021110005 刘星宇 20 21软件1班 2021110005 123 72 61 65 
2021110008 刘俊程 21 21软件1班 2021110008 123 65 61 84 
2021110009 甘立林 19 21软件1班 2021110009 123 93 67 67 
2021110010 刘强 19 21软件1班 2021110010 123 76 67 90 
2021110011 夏浪 20 21软件1班 2021110011 123 63 84 75 
2021110012 杨皓翔 19 21软件1班 2021110012 123 82 67 66 
2021110013 唐西旺 19 21软件1班 2021110013 123 90 75 89 
2021110014 于茜 19 21软件1班 2021110014 123 89 63 81 
2021110015 刘杨 20 21软件1班 2021110015 123 91 94 62 
2021110016 胡奎 20 21软件1班 2021110016 123 67 69 61 
2021110017 刘念 19 21软件1班 2021110017 123 88 82 60 
2021110018 陈芯 21 21软件1班 2021110018 123 62 60 95 
2021110019 杨浪 21 21软件1班 2021110019 123 82 72 67 
2021110020 何智鑫 19 21软件1班 2021110020 123 77 63 72 
2021110021 黄朝乾 19 21软件1班 2021110021 123 92 75 96 
2021110022 侯杨扬 19 21软件1班 2021110022 123 98 96 70 
2021110023 熊跃 21 21软件1班 2021110023 123 83 95 84 
2021110024 袁艺馨 20 21软件1班 2021110024 123 94 77 70 
2021110026 邓昆 21 21软件1班 2021110026 123 69 83 85 
2021110027 顾兴任 21 21软件1班 2021110027 123 60 87 81 
2021110028 罗强华 19 21软件1班 2021110028 123 84 63 94 
2021110029 陈语 20 21软件1班 2021110029 123 75 93 73 
2021110030 何广 21 21软件1班 2021110030 123 74 70 79 
2021110031 李吉 19 21软件1班 2021110031 123 67 77 66 
2021110032 穆昌炜 19 21软件1班 2021110032 123 76 77 65 
2021110033 喻美琳 20 21软件1班 2021110033 123 84 99 67 
2021110034 肖伦海 20 21软件1班 2021110034 123 65 82 80 
2021110035 熊森成 19 21软件1班 2021110035 123 76 96 60 
2021110036 雍均涛 20 21软件1班 2021110036 123 66 61 65 
2021110037 魏欣雨 19 21软件1班 2021110037 123 71 67 80 
2021110038 杨千正 21 21软件1班 2021110038 123 73 73 91 
2021110039 严仁睿 21 21软件1班 2021110039 123 78 98 74 
2021110040 廖书海 21 21软件1班 2021110040 123 99 99 64 
2021110041 陈辰 21 21软件1班 2021110041 123 99 74 73 
2021110042 陶虹旭 19 21软件1班 2021110042 123 96 82 74 
201918020127 唐靖林 21 21软件1班 201918020127 123 73 90 85 
2021110087 口亚东 21 21软件3班 2021110087 123 76 61 99 
2021110088 邱安洋 20 21软件3班 2021110088 123 76 98 69 
2021110089 熊思贤 20 21软件3班 2021110089 123 72 75 87 
2021110090 杨磊 19 21软件3班 2021110090 123 70 77 64 
2021110091 汪应艳 19 21软件3班 2021110091 123 91 85 77 
2021110092 陈朋 19 21软件3班 2021110092 123 67 94 89 
2021110093 赵文杰 19 21软件3班 2021110093 123 99 90 86 
2021110094 万鹏 20 21软件3班 2021110094 123 86 93 75 
2021110095 杨诗怡 19 21软件3班 2021110095 123 71 85 74 
2021110096 吴艳 21 21软件3班 2021110096 123 84 78 69 
2021110097 黄晓燕 21 21软件3班 2021110097 123 92 99 60 
2021110099 高源泽 19 21软件3班 2021110099 123 69 79 69 
2021110100 王伟 19 21软件3班 2021110100 123 68 89 96 
2021110101 谷佳鑫 20 21软件3班 2021110101 123 66 85 78 
2021110102 唐洪伟 20 21软件3班 2021110102 123 95 78 86 
2021110103 冯巨广 19 21软件3班 2021110103 123 93 90 91 
2021110104 王庄 19 21软件3班 2021110104 123 84 63 70 
2021110105 唐田 20 21软件3班 2021110105 123 69 65 91 
2021110106 文凌 20 21软件3班 2021110106 123 86 61 98 
2021110107 唐骏 19 21软件3班 2021110107 123 65 79 77 
2021110108 高鑫宇 21 21软件3班 2021110108 123 97 64 97 
2021110109 莫晨 20 21软件3班 2021110109 123 90 92 99 
2021110110 曾涛 19 21软件3班 2021110110 123 99 79 80 
2021110111 任叶豪 21 21软件3班 2021110111 123 75 72 72 
2021110112 何佳宝 20 21软件3班 2021110112 123 69 77 65 
2021110113 唐强宾 19 21软件3班 2021110113 123 98 86 76 
2021110114 陈俊杰 19 21软件3班 2021110114 123 98 78 61 
2021110115 李兵 19 21软件3班 2021110115 123 86 83 76 
2021110116 肖博 20 21软件3班 2021110116 123 61 79 99 
2021110117 韩飞 20 21软件3班 2021110117 123 72 95 92 
2021110118 邓金玉 20 21软件3班 2021110118 123 60 88 97 
2021110119 何涛 21 21软件3班 2021110119 123 92 74 87 
2021110120 李争承 21 21软件3班 2021110120 123 73 85 63 
2021110121 蒋子贤 20 21软件3班 2021110121 123 87 88 74 
2021110122 易贞豪 19 21软件3班 2021110122 123 92 64 89 
2021110123 于萌 19 21软件3班 2021110123 123 88 77 63 
2021110124 王弈锋 19 21软件3班 2021110124 123 76 81 67 
2021110125 刘丰瑞 19 21软件3班 2021110125 123 80 73 77 
2021110126 姚文早 20 21软件3班 2021110126 123 61 78 76 
2021110127 谢中奇 21 21软件3班 2021110127 123 84 61 66 
2021110128 廖文豪 21 21软件3班 2021110128 123 97 74 77 
