2021110002 王清 21 21软件1班 2021110002 123 84 74 70
2021110003 龚飞翔 19 21软件1班 2021110003 123 97 80 91
2021110004 甄旭 21 21软件1班 2021110004 123 74 79 93
2021110005 刘星宇 20 21软件1班 2021110005 123 72 65 61
2021110008 刘俊程 21 21软件1班 2021110008 123 65 84 61
2021110009 甘立林 19 21软件1班 2021110009 123 93 67 67
2021110010 刘强 19 21软件1班 2021110010 123 76 90 67
2021110011 夏浪 20 21软件1班 2021110011 123 63 75 84
2021110012 杨皓翔 19 21软件1班 2021110012 123 82 66 67
2021110013 唐西旺 19 21软件1班 2021110013 123 90 89 75
2021110014 于茜 19 21软件1班 2021110014 123 89 81 63
2021110015 刘杨 20 21软件1班 2021110015 123 91 62 94
2021110016 胡奎 20 21软件1班 2021110016 123 67 61 69
2021110017 刘念 19 21软件1班 2021110017 123 88 60 82
2021110018 陈芯 21 21软件1班 2021110018 123 62 95 60
2021110019 杨浪 21 21软件1班 2021110019 123 82 67 72
2021110020 何智鑫 19 21软件1班 2021110020 123 77 72 63
2021110021 黄朝乾 19 21软件1班 2021110021 123 92 96 75
2021110022 侯杨扬 19 21软件1班 2021110022 123 98 70 96
2021110023 熊跃 21 21软件1班 2021110023 123 83 84 95
2021110024 袁艺馨 20 21软件1班 2021110024 123 94 70 77
2021110026 邓昆 21 21软件1班 2021110026 123 69 85 83
2021110027 顾兴任 21 21软件1班 2021110027 123 60 81 87
2021110028 罗强华 19 21软件1班 2021110028 123 84 94 63
2021110029 陈语 20 21软件1班 2021110029 123 75 73 93
2021110030 何广 21 21软件1班 2021110030 123 74 79 70
2021110031 李吉 19 21软件1班 2021110031 123 67 66 77
2021110032 穆昌炜 19 21软件1班 2021110032 123 76 65 77
2021110033 喻美琳 20 21软件1班 2021110033 123 84 67 99
2021110034 肖伦海 20 21软件1班 2021110034 123 65 80 82
2021110035 熊森成 19 21软件1班 2021110035 123 76 60 96
2021110036 雍均涛 20 21软件1班 2021110036 123 66 65 61
2021110037 魏欣雨 19 21软件1班 2021110037 123 71 80 67
2021110038 杨千正 21 21软件1班 2021110038 123 73 91 73
2021110039 严仁睿 21 21软件1班 2021110039 123 78 74 98
2021110040 廖书海 21 21软件1班 2021110040 123 99 64 99
2021110041 陈辰 21 21软件1班 2021110041 123 99 73 74
2021110042 陶虹旭 19 21软件1班 2021110042 123 96 74 82
201918020127 唐靖林 21 21软件1班 201918020127 123 73 85 90
2021110044 阎哲 20 21软件2班 2021110044 123 99 80 98 
2021110045 付建新 21 21软件2班 2021110045 123 98 93 73 
2021110046 曾禹皓 19 21软件2班 2021110046 123 82 85 80 
2021110047 赵酉林 19 21软件2班 2021110047 123 60 77 95 
2021110048 李林柯 22 21软件2班 2021110048 123 85 60 92 
2021110049 胡敬 19 21软件2班 2021110049 123 69 75 64 
2021110050 朱俊杰 19 21软件2班 2021110050 123 71 97 89 
2021110052 张丰烁 20 21软件2班 2021110052 123 67 80 88 
2021110053 刘鹏 19 21软件2班 2021110053 123 63 95 67 
2021110054 张鹏程 21 21软件2班 2021110054 123 92 77 61 
2021110055 李豪 19 21软件2班 2021110055 123 77 79 89 
2021110056 李志强 21 21软件2班 2021110056 123 66 94 86 
2021110057 朱超 22 21软件2班 2021110057 123 90 72 76 
2021110058 苟妙林 22 21软件2班 2021110058 123 71 97 77 
2021110059 徐树新 20 21软件2班 2021110059 123 99 70 94 
2021110060 尹建国 19 21软件2班 2021110060 123 97 69 84 
2021110061 刘怡 21 21软件2班 2021110061 123 87 84 68 
2021110062 罗潼 21 21软件2班 2021110062 123 87 61 83 
2021110063 黄性平 21 21软件2班 2021110063 123 60 83 92 
2021110064 张星琪 22 21软件2班 2021110064 123 97 93 88 
2021110065 罗遥 20 21软件2班 2021110065 123 85 91 95 
2021110066 曾一 19 21软件2班 2021110066 123 99 97 76 
2021110067 尹雪梅 20 21软件2班 2021110067 123 78 95 71 
2021110068 黎权赋 22 21软件2班 2021110068 123 66 90 93 
2021110069 宋虹漾 20 21软件2班 2021110069 123 77 83 98 
2021110070 晁祥翔 22 21软件2班 2021110070 123 93 98 86 
2021110071 王茜 22 21软件2班 2021110071 123 75 71 76 
2021110072 赵峻 20 21软件2班 2021110072 123 84 92 79 
2021110073 李小龙 21 21软件2班 2021110073 123 89 90 80 
2021110074 赵禹 20 21软件2班 2021110074 123 68 95 99 
2021110075 杨涛 22 21软件2班 2021110075 123 91 65 72 
2021110076 赵锐鹏 19 21软件2班 2021110076 123 81 74 77 
2021110077 曾品均 21 21软件2班 2021110077 123 79 79 80 
2021110078 陈志燃 20 21软件2班 2021110078 123 66 63 65 
2021110079 赵功林 22 21软件2班 2021110079 123 62 77 94 
2021110080 曾立鑫 22 21软件2班 2021110080 123 65 65 73 
2021110081 甘玉龙 19 21软件2班 2021110081 123 74 97 76 
2021110082 钟育廷 20 21软件2班 2021110082 123 72 95 61 
2021110083 钟宇航 21 21软件2班 2021110083 123 70 64 60 
2021110084 李健 20 21软件2班 2021110084 123 68 89 65 
2021110085 阮祥炜 19 21软件2班 2021110085 123 65 61 74 
2021110086 黄浩 19 21软件2班 2021110086 123 68 63 82 
2021110087 口亚东 21 21软件3班 2021110087 123 76 99 61
2021110088 邱安洋 20 21软件3班 2021110088 123 76 69 98
2021110089 熊思贤 20 21软件3班 2021110089 123 72 87 75
2021110090 杨磊 19 21软件3班 2021110090 123 70 64 77
2021110091 汪应艳 19 21软件3班 2021110091 123 91 77 85
2021110092 陈朋 19 21软件3班 2021110092 123 67 89 94
2021110093 赵文杰 19 21软件3班 2021110093 123 99 86 90
2021110094 万鹏 20 21软件3班 2021110094 123 86 75 93
2021110095 杨诗怡 19 21软件3班 2021110095 123 71 74 85
2021110096 吴艳 21 21软件3班 2021110096 123 84 69 78
2021110097 黄晓燕 21 21软件3班 2021110097 123 92 60 99
2021110099 高源泽 19 21软件3班 2021110099 123 69 69 79
2021110100 王伟 19 21软件3班 2021110100 123 68 96 89
2021110101 谷佳鑫 20 21软件3班 2021110101 123 66 78 85
2021110102 唐洪伟 20 21软件3班 2021110102 123 95 86 78
2021110103 冯巨广 19 21软件3班 2021110103 123 93 91 90
2021110104 王庄 19 21软件3班 2021110104 123 84 70 63
2021110105 唐田 20 21软件3班 2021110105 123 69 91 65
2021110106 文凌 20 21软件3班 2021110106 123 86 98 61
2021110107 唐骏 19 21软件3班 2021110107 123 65 77 79
2021110108 高鑫宇 21 21软件3班 2021110108 123 97 97 64
2021110109 莫晨 20 21软件3班 2021110109 123 90 99 92
2021110110 曾涛 19 21软件3班 2021110110 123 99 80 79
2021110111 任叶豪 21 21软件3班 2021110111 123 75 72 72
2021110112 何佳宝 20 21软件3班 2021110112 123 69 65 77
2021110113 唐强宾 19 21软件3班 2021110113 123 98 76 86
2021110114 陈俊杰 19 21软件3班 2021110114 123 98 61 78
2021110115 李兵 19 21软件3班 2021110115 123 86 76 83
2021110116 肖博 20 21软件3班 2021110116 123 61 99 79
2021110117 韩飞 20 21软件3班 2021110117 123 72 92 95
2021110118 邓金玉 20 21软件3班 2021110118 123 60 97 88
2021110119 何涛 21 21软件3班 2021110119 123 92 87 74
2021110120 李争承 21 21软件3班 2021110120 123 73 63 85
2021110121 蒋子贤 20 21软件3班 2021110121 123 87 74 88
2021110122 易贞豪 19 21软件3班 2021110122 123 92 89 64
2021110123 于萌 19 21软件3班 2021110123 123 88 63 77
2021110124 王弈锋 19 21软件3班 2021110124 123 76 67 81
2021110125 刘丰瑞 19 21软件3班 2021110125 123 80 77 73
2021110126 姚文早 20 21软件3班 2021110126 123 61 76 78
2021110127 谢中奇 21 21软件3班 2021110127 123 84 66 61
2021110128 廖文豪 21 21软件3班 2021110128 123 97 77 74
